0.890032
0.890032
0.892232
0.894427
0.892232
0.892232
0.892232
0.896617
0.894427
0.892232
0.892232
0.894427
0.892232
0.892232
0.892232
0.892232
0.894427
0.894427
0.892232
0.894427
0.894427
0.892232
0.894427
0.894427
0.892232
0.894427
0.894427
0.894427
0.894427
0.894427
0.892232
0.894427
0.894427
0.894427
0.894427
0.894427
0.890032
0.892232
0.890032
0.890032
0.892232
0.894427
0.894427
0.890032
0.890032
0.890032
0.892232
0.892232
0.892232
0.892232
0.890032
0.892232
0.887826
0.885615
0.885615
0.885615
0.885615
0.885615
0.885615
0.883398
0.881176
0.881176
0.881176
0.878948
