0.890032
0.890032
0.887826
0.890032
0.890032
0.890032
0.890032
0.892232
0.892232
0.892232
0.890032
0.892232
0.892232
0.892232
0.894427
0.896617
0.894427
0.892232
0.894427
0.894427
0.892232
0.890032
0.892232
0.892232
0.894427
0.892232
0.894427
0.892232
0.892232
0.892232
0.892232
0.892232
0.894427
0.892232
0.892232
0.892232
0.892232
0.892232
0.892232
0.890032
0.890032
0.892232
0.892232
0.892232
0.890032
0.887826
0.890032
0.892232
0.890032
0.890032
0.890032
0.890032
0.887826
0.887826
0.885615
0.885615
0.885615
0.885615
0.883398
0.883398
0.881176
0.878948
0.878948
0.878948
0.890032
0.890032
0.892232
0.894427
0.892232
0.892232
0.892232
0.896617
0.894427
0.892232
0.892232
0.894427
0.892232
0.892232
0.892232
0.892232
0.894427
0.894427
0.892232
0.894427
0.894427
0.892232
0.894427
0.894427
0.892232
0.894427
0.894427
0.894427
0.894427
0.894427
0.892232
0.894427
0.894427
0.894427
0.894427
0.894427
0.890032
0.892232
0.890032
0.890032
0.892232
0.894427
0.894427
0.890032
0.890032
0.890032
0.892232
0.892232
0.892232
0.892232
0.890032
0.892232
0.887826
0.885615
0.885615
0.885615
0.885615
0.885615
0.885615
0.883398
0.881176
0.881176
0.881176
0.878948
0.892232
0.892232
0.892232
0.892232
0.894427
0.894427
0.894427
0.894427
0.894427
0.892232
0.896617
0.894427
0.894427
0.894427
0.894427
0.894427
0.896617
0.896617
0.894427
0.896617
0.896617
0.894427
0.894427
0.894427
0.894427
0.894427
0.896617
0.896617
0.894427
0.894427
0.896617
0.894427
0.894427
0.896617
0.892232
0.892232
0.892232
0.892232
0.894427
0.890032
0.892232
0.892232
0.890032
0.890032
0.890032
0.890032
0.892232
0.892232
0.892232
0.892232
0.892232
0.892232
0.892232
0.887826
0.890032
0.887826
0.885615
0.885615
0.885615
0.883398
0.885615
0.885615
0.883398
0.881176
0.892232
0.894427
0.892232
0.892232
0.894427
0.896617
0.896617
0.894427
0.892232
0.894427
0.894427
0.894427
0.894427
0.894427
0.894427
0.896617
0.894427
0.896617
0.896617
0.896617
0.894427
0.894427
0.894427
0.894427
0.894427
0.894427
0.894427
0.894427
0.894427
0.894427
0.896617
0.894427
0.894427
0.894427
0.896617
0.896617
0.894427
0.892232
0.892232
0.890032
0.892232
0.894427
0.892232
0.890032
0.892232
0.890032
0.892232
0.892232
0.892232
0.892232
0.892232
0.892232
0.892232
0.890032
0.890032
0.885615
0.883398
0.887826
0.885615
0.885615
0.883398
0.883398
0.883398
0.881176
0.894427
0.892232
0.894427
0.894427
0.896617
0.865459
0.892232
0.867722
0.892232
0.881176
0.887826
0.867722
0.885615
0.885615
0.858635
0.892232
0.890032
0.881176
0.890032
0.885615
0.887826
0.883398
0.887826
0.881176
0.894427
0.894427
0.896617
0.896617
0.894427
0.894427
0.896617
0.896617
0.896617
0.894427
0.896617
0.896617
0.894427
0.892232
0.892232
0.892232
0.892232
0.894427
0.894427
0.892232
0.890032
0.890032
0.892232
0.894427
0.892232
0.892232
0.892232
0.892232
0.892232
0.890032
0.890032
0.887826
0.887826
0.887826
0.890032
0.887826
0.883398
0.885615
0.883398
0.883398
0.896617
0.894427
0.894427
0.894427
0.892232
0.818895
0.874475
0.818895
0.869979
0.842499
0.856349
0.842499
0.840168
0.847141
0.856349
0.876714
0.869979
0.876714
0.878948
0.881176
0.876714
0.874475
0.878948
0.878948
0.896617
0.894427
0.894427
0.894427
0.896617
0.896617
0.898801
0.898801
0.896617
0.898801
0.896617
0.896617
0.894427
0.892232
0.892232
0.892232
0.892232
0.892232
0.892232
0.890032
0.892232
0.892232
0.892232
0.892232
0.892232
0.892232
0.892232
0.892232
0.892232
0.890032
0.892232
0.892232
0.890032
0.887826
0.887826
0.887826
0.887826
0.885615
0.883398
0.881176
0.896617
0.896617
0.896617
0.894427
0.892232
0.892232
0.890032
0.883398
0.894427
0.887826
0.890032
0.885615
0.890032
0.890032
0.892232
0.887826
0.885615
0.896617
0.898801
0.894427
0.885615
0.896617
0.896617
0.898801
0.896617
0.896617
0.894427
0.896617
0.896617
0.898801
0.896617
0.898801
0.896617
0.898801
0.898801
0.898801
0.892232
0.894427
0.892232
0.890032
0.890032
0.892232
0.892232
0.892232
0.894427
0.894427
0.892232
0.894427
0.894427
0.892232
0.894427
0.890032
0.890032
0.890032
0.887826
0.890032
0.890032
0.887826
0.887826
0.887826
0.885615
0.883398
0.885615
0.885615
0.898801
0.898801
0.894427
0.896617
0.898801
0.896617
0.898801
0.898801
0.894427
0.896617
0.896617
0.894427
0.894427
0.896617
0.896617
0.896617
0.898801
0.898801
0.900980
0.896617
0.896617
0.896617
0.896617
0.898801
0.898801
0.896617
0.894427
0.894427
0.894427
0.896617
0.898801
0.898801
0.896617
0.896617
0.896617
0.896617
0.894427
0.896617
0.892232
0.892232
0.892232
0.892232
0.892232
0.894427
0.892232
0.894427
0.892232
0.892232
0.892232
0.894427
0.894427
0.894427
0.896617
0.894427
0.887826
0.887826
0.890032
0.890032
0.887826
0.887826
0.887826
0.885615
0.885615
0.883398
0.900980
0.900980
0.896617
0.896617
0.898801
0.898801
0.900980
0.900980
0.898801
0.898801
0.896617
0.896617
0.894427
0.894427
0.894427
0.894427
0.898801
0.898801
0.900980
0.898801
0.894427
0.896617
0.896617
0.898801
0.896617
0.898801
0.896617
0.896617
0.896617
0.896617
0.896617
0.900980
0.898801
0.898801
0.898801
0.898801
0.898801
0.896617
0.894427
0.892232
0.892232
0.894427
0.894427
0.894427
0.894427
0.894427
0.894427
0.894427
0.894427
0.896617
0.892232
0.898801
0.896617
0.896617
0.887826
0.887826
0.887826
0.890032
0.887826
0.887826
0.887826
0.887826
0.885615
0.885615
0.903154
0.900980
0.900980
0.900980
0.900980
0.903154
0.903154
0.900980
0.898801
0.898801
0.896617
0.894427
0.894427
0.892232
0.894427
0.896617
0.898801
0.900980
0.903154
0.898801
0.896617
0.896617
0.898801
0.898801
0.898801
0.896617
0.898801
0.898801
0.898801
0.900980
0.900980
0.900980
0.900980
0.896617
0.896617
0.900980
0.898801
0.896617
0.896617
0.894427
0.894427
0.894427
0.894427
0.894427
0.894427
0.894427
0.896617
0.896617
0.894427
0.894427
0.896617
0.898801
0.896617
0.894427
0.890032
0.890032
0.887826
0.887826
0.887826
0.887826
0.887826
0.887826
0.885615
0.885615
0.903154
0.903154
0.903154
0.903154
0.900980
0.903154
0.905322
0.903154
0.903154
0.898801
0.898801
0.896617
0.894427
0.896617
0.896617
0.896617
0.898801
0.900980
0.903154
0.898801
0.898801
0.896617
0.898801
0.900980
0.898801
0.898801
0.896617
0.898801
0.896617
0.900980
0.900980
0.903154
0.898801
0.898801
0.898801
0.898801
0.898801
0.896617
0.896617
0.894427
0.896617
0.896617
0.896617
0.896617
0.894427
0.894427
0.894427
0.894427
0.894427
0.896617
0.896617
0.898801
0.896617
0.896617
0.892232
0.890032
0.887826
0.887826
0.887826
0.887826
0.887826
0.890032
0.885615
0.885615
0.905322
0.903154
0.905322
0.903154
0.903154
0.905322
0.905322
0.903154
0.905322
0.903154
0.896617
0.896617
0.896617
0.894427
0.894427
0.896617
0.900980
0.898801
0.898801
0.898801
0.896617
0.896617
0.898801
0.898801
0.898801
0.900980
0.898801
0.896617
0.898801
0.903154
0.903154
0.900980
0.900980
0.900980
0.898801
0.898801
0.896617
0.896617
0.896617
0.896617
0.894427
0.896617
0.898801
0.892232
0.892232
0.890032
0.887826
0.887826
0.885615
0.887826
0.887826
0.885615
0.878948
0.872230
0.881176
0.890032
0.887826
0.887826
0.887826
0.890032
0.890032
0.890032
0.885615
0.887826
0.907485
0.903154
0.905322
0.900980
0.900980
0.903154
0.907485
0.907485
0.905322
0.905322
0.903154
0.896617
0.894427
0.711254
0.580737
0.580737
0.580737
0.580737
0.580737
0.580737
0.577350
0.577350
0.577350
0.577350
0.662733
0.898801
0.898801
0.894427
0.623085
0.685994
0.903154
0.903154
0.903154
0.903154
0.900980
0.898801
0.656790
0.573944
0.892232
0.761835
0.497050
0.833137
0.860916
0.481012
0.464420
0.451577
0.451577
0.442807
0.438357
0.424726
0.424726
0.410643
0.405840
0.396059
0.691687
0.890032
0.890032
0.890032
0.887826
0.890032
0.890032
0.887826
0.885615
0.890032
0.905322
0.905322
0.905322
0.903154
0.905322
0.905322
0.905322
0.907485
0.907485
0.907485
0.905322
0.898801
0.892232
0.616759
0.354246
0.460179
0.464420
0.460179
0.460179
0.460179
0.455898
0.451577
0.455898
0.370479
0.523937
0.900980
0.885615
0.865459
0.468623
0.580737
0.903154
0.881176
0.865459
0.860916
0.874475
0.898801
0.656790
0.563602
0.837831
0.685994
0.359738
0.826047
0.854056
0.359738
0.460179
0.553066
0.560112
0.563602
0.573944
0.584103
0.594089
0.603909
0.580737
0.354246
0.688847
0.892232
0.890032
0.890032
0.890032
0.890032
0.887826
0.887826
0.885615
0.887826
0.907485
0.907485
0.905322
0.905322
0.905322
0.905322
0.907485
0.907485
0.907485
0.905322
0.905322
0.900980
0.896617
0.610368
0.410643
0.876714
0.890032
0.890032
0.892232
0.894427
0.892232
0.892232
0.890032
0.520181
0.520181
0.900980
0.694516
0.386031
0.348667
0.577350
0.905322
0.647771
0.370479
0.365148
0.644737
0.900980
0.900980
0.869979
0.386031
0.354246
0.354246
0.828417
0.849452
0.348667
0.691687
0.898801
0.894427
0.896617
0.896617
0.896617
0.896617
0.896617
0.837831
0.359738
0.694516
0.890032
0.890032
0.890032
0.890032
0.890032
0.890032
0.887826
0.887826
0.887826
0.909643
0.907485
0.907485
0.907485
0.909643
0.907485
0.911796
0.911796
0.907485
0.907485
0.903154
0.900980
0.894427
0.613572
0.410643
0.883398
0.847141
0.748855
0.748855
0.756670
0.756670
0.826047
0.898801
0.527666
0.516398
0.903154
0.784657
0.638626
0.391077
0.497050
0.746232
0.545930
0.370479
0.656790
0.772061
0.898801
0.900980
0.867722
0.359738
0.337232
0.354246
0.833137
0.851757
0.348667
0.700140
0.898801
0.708492
0.656790
0.650791
0.638626
0.638626
0.867722
0.835487
0.354246
0.697334
0.892232
0.892232
0.894427
0.892232
0.892232
0.890032
0.887826
0.887826
0.885615
0.909643
0.907485
0.907485
0.909643
0.911796
0.911796
0.911796
0.913944
0.909643
0.907485
0.903154
0.900980
0.894427
0.616759
0.410643
0.883398
0.764404
0.342997
0.331367
0.337232
0.337232
0.665686
0.898801
0.531369
0.512587
0.905322
0.903154
0.896617
0.468623
0.337232
0.348667
0.342997
0.405840
0.890032
0.903154
0.900980
0.898801
0.865459
0.354246
0.337232
0.359738
0.837831
0.849452
0.348667
0.702935
0.894427
0.489097
0.331367
0.325396
0.331367
0.359738
0.854056
0.830780
0.348667
0.702935
0.892232
0.892232
0.892232
0.894427
0.894427
0.890032
0.887826
0.887826
0.885615
0.911796
0.909643
0.909643
0.909643
0.911796
0.911796
0.916087
0.913944
0.911796
0.909643
0.905322
0.903154
0.894427
0.616759
0.400979
0.883398
0.769517
0.331367
0.325396
0.325396
0.331367
0.662733
0.898801
0.531369
0.508747
0.903154
0.766965
0.587450
0.386031
0.520181
0.804400
0.573944
0.410643
0.887826
0.804400
0.560112
0.553066
0.535046
0.337232
0.629348
0.833137
0.890032
0.844823
0.348667
0.708492
0.894427
0.481012
0.325396
0.325396
0.331367
0.365148
0.856349
0.828417
0.342997
0.705719
0.892232
0.894427
0.892232
0.894427
0.892232
0.892232
0.890032
0.890032
0.885615
0.911796
0.909643
0.907485
0.907485
0.911796
0.913944
0.916087
0.913944
0.916087
0.911796
0.907485
0.898801
0.892232
0.619930
0.396059
0.885615
0.772061
0.337232
0.331367
0.325396
0.337232
0.659768
0.903154
0.538699
0.508747
0.903154
0.716746
0.438357
0.438357
0.607147
0.881176
0.662733
0.493089
0.863191
0.759257
0.460179
0.460179
0.460179
0.464420
0.694516
0.860916
0.896617
0.840168
0.348667
0.708492
0.894427
0.476918
0.331367
0.331367
0.331367
0.365148
0.860916
0.821285
0.342997
0.711254
0.894427
0.894427
0.896617
0.894427
0.894427
0.890032
0.890032
0.887826
0.887826
0.911796
0.909643
0.909643
0.907485
0.909643
0.911796
0.916087
0.916087
0.918225
0.913944
0.905322
0.898801
0.892232
0.623085
0.400979
0.885615
0.777124
0.342997
0.337232
0.337232
0.331367
0.653797
0.903154
0.542326
0.500979
0.907485
0.900980
0.894427
0.896617
0.809260
0.400979
0.764404
0.883398
0.447214
0.653797
0.896617
0.896617
0.894427
0.894427
0.716746
0.386031
0.842499
0.837831
0.348667
0.714006
0.896617
0.472789
0.331367
0.331367
0.337232
0.370479
0.860916
0.821285
0.348667
0.716746
0.894427
0.894427
0.894427
0.896617
0.894427
0.892232
0.890032
0.887826
0.890032
0.911796
0.909643
0.909643
0.907485
0.909643
0.913944
0.916087
0.918225
0.916087
0.913944
0.905322
0.896617
0.894427
0.629348
0.396059
0.885615
0.840168
0.665686
0.659768
0.653797
0.650791
0.764404
0.905322
0.553066
0.497050
0.907485
0.847141
0.774597
0.894427
0.814092
0.342997
0.764404
0.898801
0.674464
0.766965
0.907485
0.789639
0.738308
0.732977
0.711254
0.680254
0.869979
0.830780
0.348667
0.719477
0.898801
0.738308
0.711254
0.722197
0.732977
0.748855
0.887826
0.816497
0.354246
0.722197
0.894427
0.896617
0.896617
0.894427
0.896617
0.892232
0.890032
0.885615
0.887826
0.913944
0.911796
0.907485
0.907485
0.907485
0.911796
0.916087
0.920358
0.918225
0.911796
0.900980
0.896617
0.896617
0.638626
0.386031
0.885615
0.900980
0.900980
0.903154
0.900980
0.903154
0.900980
0.905322
0.556600
0.497050
0.905322
0.702935
0.359738
0.867722
0.816497
0.348667
0.764404
0.907485
0.900980
0.903154
0.905322
0.563602
0.342997
0.342997
0.694516
0.900980
0.900980
0.830780
0.348667
0.722197
0.900980
0.900980
0.900980
0.898801
0.898801
0.898801
0.894427
0.804400
0.348667
0.730297
0.896617
0.896617
0.894427
0.896617
0.894427
0.894427
0.890032
0.890032
0.887826
0.913944
0.909643
0.907485
0.909643
0.909643
0.909643
0.911796
0.916087
0.918225
0.905322
0.896617
0.898801
0.898801
0.641689
0.348667
0.542326
0.560112
0.567070
0.573944
0.577350
0.584103
0.590779
0.597380
0.424726
0.493089
0.907485
0.705719
0.359738
0.869979
0.816497
0.342997
0.761835
0.894427
0.613572
0.738308
0.903154
0.556600
0.451577
0.811679
0.708492
0.563602
0.867722
0.828417
0.337232
0.451577
0.520181
0.508747
0.500979
0.485071
0.476918
0.464420
0.447214
0.415390
0.348667
0.735647
0.898801
0.898801
0.894427
0.894427
0.892232
0.892232
0.892232
0.892232
0.890032
0.913944
0.911796
0.909643
0.911796
0.911796
0.911796
0.909643
0.911796
0.918225
0.896617
0.898801
0.900980
0.900980
0.705719
0.500979
0.493089
0.485071
0.476918
0.468623
0.464420
0.451577
0.438357
0.438357
0.438357
0.545930
0.907485
0.732977
0.455898
0.872230
0.828417
0.455898
0.782154
0.890032
0.405840
0.644737
0.905322
0.556600
0.472789
0.874475
0.680254
0.365148
0.858635
0.840168
0.485071
0.485071
0.493089
0.504878
0.516398
0.527666
0.542326
0.549510
0.563602
0.577350
0.590779
0.797053
0.898801
0.898801
0.894427
0.892232
0.894427
0.892232
0.890032
0.890032
0.892232
0.911796
0.911796
0.911796
0.911796
0.909643
0.911796
0.911796
0.911796
0.905322
0.896617
0.903154
0.905322
0.905322
0.900980
0.900980
0.898801
0.896617
0.896617
0.892232
0.894427
0.894427
0.894427
0.896617
0.894427
0.896617
0.911796
0.907485
0.900980
0.909643
0.907485
0.898801
0.903154
0.890032
0.405840
0.647771
0.903154
0.553066
0.337232
0.380917
0.354246
0.359738
0.863191
0.900980
0.894427
0.892232
0.896617
0.909643
0.905322
0.900980
0.900980
0.900980
0.903154
0.900980
0.903154
0.900980
0.898801
0.898801
0.896617
0.894427
0.894427
0.892232
0.890032
0.890032
0.890032
0.911796
0.909643
0.911796
0.911796
0.909643
0.911796
0.916087
0.909643
0.894427
0.898801
0.903154
0.905322
0.905322
0.806834
0.722197
0.727607
0.730297
0.735647
0.743600
0.748855
0.751469
0.816497
0.907485
0.809260
0.774597
0.777124
0.777124
0.774597
0.772061
0.769517
0.764404
0.860916
0.892232
0.400979
0.553066
0.759257
0.685994
0.619930
0.325396
0.325396
0.348667
0.700140
0.779643
0.900980
0.799510
0.730297
0.903154
0.854056
0.691687
0.835487
0.896617
0.683130
0.743600
0.905322
0.900980
0.898801
0.898801
0.896617
0.896617
0.894427
0.890032
0.887826
0.887826
0.890032
0.913944
0.913944
0.911796
0.911796
0.911796
0.911796
0.911796
0.903154
0.894427
0.900980
0.903154
0.905322
0.905322
0.665686
0.342997
0.331367
0.337232
0.331367
0.331367
0.337232
0.348667
0.626224
0.905322
0.573944
0.342997
0.348667
0.354246
0.342997
0.342997
0.337232
0.354246
0.766965
0.890032
0.400979
0.331367
0.337232
0.823669
0.856349
0.348667
0.331367
0.337232
0.337232
0.560112
0.900980
0.644737
0.396059
0.890032
0.794590
0.359738
0.772061
0.892232
0.420084
0.600653
0.903154
0.903154
0.903154
0.898801
0.896617
0.896617
0.894427
0.892232
0.892232
0.890032
0.890032
0.913944
0.913944
0.913944
0.916087
0.916087
0.913944
0.909643
0.900980
0.898801
0.903154
0.905322
0.907485
0.905322
0.668625
0.342997
0.331367
0.337232
0.331367
0.331367
0.380917
0.804400
0.748855
0.580737
0.764404
0.799510
0.804400
0.816497
0.816497
0.455898
0.520181
0.811679
0.874475
0.900980
0.814092
0.671551
0.337232
0.826047
0.894427
0.814092
0.626224
0.354246
0.794590
0.849452
0.903154
0.638626
0.400979
0.896617
0.896617
0.860916
0.890032
0.890032
0.415390
0.607147
0.905322
0.905322
0.903154
0.900980
0.898801
0.898801
0.896617
0.894427
0.890032
0.890032
0.892232
0.913944
0.913944
0.918225
0.916087
0.913944
0.913944
0.907485
0.900980
0.900980
0.905322
0.905322
0.907485
0.909643
0.732977
0.520181
0.354246
0.325396
0.325396
0.331367
0.386031
0.851757
0.746232
0.348667
0.784657
0.878948
0.907485
0.922486
0.916087
0.497050
0.570517
0.911796
0.890032
0.876714
0.876714
0.727607
0.337232
0.801958
0.876714
0.874475
0.662733
0.359738
0.837831
0.867722
0.860916
0.607147
0.396059
0.844823
0.854056
0.844823
0.885615
0.890032
0.400979
0.556600
0.809260
0.874475
0.903154
0.900980
0.900980
0.898801
0.896617
0.896617
0.892232
0.890032
0.892232
0.916087
0.916087
0.916087
0.916087
0.913944
0.909643
0.905322
0.903154
0.900980
0.905322
0.905322
0.909643
0.909643
0.907485
0.900980
0.464420
0.331367
0.331367
0.331367
0.331367
0.370479
0.365148
0.337232
0.380917
0.504878
0.900980
0.916087
0.918225
0.497050
0.567070
0.909643
0.653797
0.380917
0.380917
0.359738
0.331367
0.370479
0.380917
0.370479
0.348667
0.331367
0.365148
0.359738
0.354246
0.337232
0.342997
0.354246
0.354246
0.359738
0.789639
0.890032
0.391077
0.337232
0.348667
0.782154
0.905322
0.903154
0.900980
0.900980
0.900980
0.898801
0.894427
0.887826
0.894427
0.916087
0.916087
0.916087
0.913944
0.911796
0.909643
0.905322
0.903154
0.903154
0.905322
0.907485
0.911796
0.911796
0.913944
0.907485
0.748855
0.644737
0.337232
0.331367
0.365148
0.685994
0.694516
0.694516
0.688847
0.719477
0.900980
0.909643
0.920358
0.493089
0.481012
0.738308
0.538699
0.370479
0.662733
0.671551
0.671551
0.677365
0.635548
0.337232
0.560112
0.677365
0.396059
0.331367
0.331367
0.600653
0.705719
0.714006
0.722197
0.730297
0.863191
0.896617
0.748855
0.635548
0.342997
0.787152
0.905322
0.903154
0.903154
0.900980
0.900980
0.900980
0.896617
0.892232
0.892232
0.918225
0.916087
0.916087
0.916087
0.913944
0.909643
0.907485
0.907485
0.905322
0.905322
0.909643
0.911796
0.911796
0.911796
0.909643
0.907485
0.821285
0.342997
0.342997
0.405840
0.892232
0.911796
0.909643
0.907485
0.905322
0.900980
0.911796
0.922486
0.497050
0.337232
0.342997
0.331367
0.410643
0.896617
0.909643
0.909643
0.909643
0.851757
0.342997
0.727607
0.903154
0.455898
0.331367
0.325396
0.774597
0.913944
0.913944
0.913944
0.913944
0.907485
0.903154
0.896617
0.754074
0.342997
0.792118
0.905322
0.903154
0.903154
0.900980
0.903154
0.903154
0.896617
0.894427
0.894427
0.918225
0.918225
0.918225
0.918225
0.913944
0.909643
0.907485
0.909643
0.907485
0.907485
0.907485
0.909643
0.909643
0.909643
0.909643
0.907485
0.823669
0.348667
0.719477
0.865459
0.909643
0.911796
0.909643
0.665686
0.531369
0.531369
0.542326
0.545930
0.380917
0.527666
0.842499
0.594089
0.342997
0.531369
0.538699
0.542326
0.542326
0.616759
0.840168
0.878948
0.907485
0.849452
0.743600
0.331367
0.460179
0.508747
0.508747
0.697334
0.911796
0.644737
0.460179
0.447214
0.400979
0.342997
0.797053
0.907485
0.903154
0.903154
0.903154
0.905322
0.903154
0.900980
0.894427
0.894427
0.918225
0.918225
0.918225
0.918225
0.911796
0.909643
0.907485
0.907485
0.907485
0.907485
0.909643
0.909643
0.909643
0.863191
0.826047
0.828417
0.756670
0.348667
0.759257
0.909643
0.849452
0.867722
0.909643
0.665686
0.497050
0.325396
0.331367
0.337232
0.485071
0.632456
0.865459
0.677365
0.497050
0.337232
0.410643
0.500979
0.504878
0.616759
0.909643
0.876714
0.854056
0.905322
0.818895
0.516398
0.405840
0.348667
0.531369
0.680254
0.830780
0.656790
0.549510
0.337232
0.451577
0.590779
0.835487
0.905322
0.905322
0.903154
0.905322
0.905322
0.903154
0.900980
0.894427
0.894427
0.916087
0.916087
0.918225
0.918225
0.913944
0.909643
0.911796
0.911796
0.911796
0.911796
0.911796
0.911796
0.909643
0.697334
0.359738
0.359738
0.354246
0.348667
0.756670
0.903154
0.451577
0.616759
0.909643
0.907485
0.874475
0.354246
0.325396
0.348667
0.865459
0.833137
0.370479
0.772061
0.892232
0.396059
0.656790
0.909643
0.909643
0.911796
0.909643
0.674464
0.396059
0.883398
0.909643
0.905322
0.603909
0.433861
0.907485
0.756670
0.348667
0.816497
0.881176
0.354246
0.653797
0.909643
0.907485
0.907485
0.907485
0.905322
0.905322
0.903154
0.903154
0.900980
0.896617
0.896617
0.916087
0.916087
0.916087
0.918225
0.916087
0.913944
0.913944
0.913944
0.913944
0.913944
0.911796
0.911796
0.909643
0.700140
0.359738
0.730297
0.759257
0.754074
0.854056
0.903154
0.438357
0.481012
0.683130
0.685994
0.700140
0.719477
0.584103
0.342997
0.869979
0.883398
0.727607
0.856349
0.898801
0.391077
0.662733
0.911796
0.756670
0.702935
0.697334
0.716746
0.722197
0.700140
0.772061
0.909643
0.603909
0.391077
0.674464
0.567070
0.337232
0.826047
0.881176
0.354246
0.497050
0.638626
0.849452
0.907485
0.905322
0.900980
0.900980
0.898801
0.900980
0.900980
0.896617
0.896617
0.920358
0.918225
0.918225
0.913944
0.913944
0.916087
0.913944
0.911796
0.913944
0.913944
0.913944
0.911796
0.909643
0.705719
0.370479
0.869979
0.911796
0.905322
0.911796
0.900980
0.433861
0.342997
0.365148
0.359738
0.464420
0.898801
0.724907
0.342997
0.865459
0.920358
0.920358
0.913944
0.896617
0.396059
0.662733
0.911796
0.531369
0.331367
0.331367
0.732977
0.900980
0.442807
0.616759
0.909643
0.610368
0.365148
0.370479
0.354246
0.342997
0.828417
0.878948
0.396059
0.359738
0.348667
0.818895
0.907485
0.907485
0.903154
0.903154
0.903154
0.900980
0.898801
0.894427
0.896617
0.924609
0.920358
0.920358
0.916087
0.913944
0.913944
0.916087
0.913944
0.913944
0.913944
0.913944
0.911796
0.907485
0.705719
0.365148
0.869979
0.847141
0.464420
0.769517
0.900980
0.447214
0.584103
0.876714
0.878948
0.851757
0.489097
0.420084
0.331367
0.468623
0.638626
0.922486
0.694516
0.472789
0.342997
0.668625
0.911796
0.523937
0.319313
0.313112
0.415390
0.497050
0.863191
0.892232
0.911796
0.890032
0.890032
0.890032
0.722197
0.348667
0.833137
0.909643
0.890032
0.722197
0.348667
0.826047
0.909643
0.909643
0.905322
0.905322
0.900980
0.900980
0.898801
0.896617
0.896617
0.928841
0.926727
0.924609
0.918225
0.916087
0.913944
0.916087
0.916087
0.913944
0.913944
0.911796
0.909643
0.907485
0.708492
0.359738
0.867722
0.865459
0.619930
0.806834
0.905322
0.638626
0.711254
0.907485
0.842499
0.797053
0.587450
0.577350
0.573944
0.380917
0.516398
0.828417
0.694516
0.573944
0.577350
0.700140
0.816497
0.485071
0.325396
0.313112
0.319313
0.370479
0.797053
0.814092
0.814092
0.809260
0.811679
0.811679
0.727607
0.594089
0.766965
0.814092
0.911796
0.799510
0.619930
0.856349
0.911796
0.909643
0.905322
0.905322
0.900980
0.898801
0.896617
0.894427
0.896617
0.930949
0.928841
0.924609
0.924609
0.922486
0.918225
0.918225
0.920358
0.918225
0.913944
0.911796
0.909643
0.907485
0.711254
0.370479
0.865459
0.913944
0.911796
0.913944
0.911796
0.905322
0.905322
0.909643
0.603909
0.451577
0.905322
0.913944
0.913944
0.504878
0.319313
0.331367
0.774597
0.918225
0.918225
0.746232
0.337232
0.325396
0.325396
0.313112
0.313112
0.325396
0.337232
0.337232
0.337232
0.337232
0.337232
0.342997
0.671551
0.907485
0.542326
0.493089
0.913944
0.913944
0.913944
0.911796
0.911796
0.907485
0.905322
0.900980
0.900980
0.900980
0.896617
0.896617
0.894427
0.930949
0.930949
0.926727
0.924609
0.924609
0.922486
0.920358
0.920358
0.916087
0.913944
0.909643
0.913944
0.909643
0.860916
0.806834
0.898801
0.913944
0.913944
0.913944
0.909643
0.909643
0.909643
0.909643
0.828417
0.799510
0.911796
0.806834
0.632456
0.400979
0.319313
0.319313
0.553066
0.668625
0.913944
0.863191
0.777124
0.774597
0.714006
0.313112
0.313112
0.359738
0.759257
0.774597
0.774597
0.774597
0.754074
0.342997
0.489097
0.610368
0.410643
0.497050
0.913944
0.916087
0.913944
0.913944
0.911796
0.909643
0.905322
0.903154
0.900980
0.900980
0.896617
0.894427
0.892232
0.935152
0.930949
0.928841
0.928841
0.926727
0.926727
0.926727
0.922486
0.920358
0.918225
0.913944
0.913944
0.909643
0.890032
0.878948
0.878948
0.883398
0.883398
0.883398
0.881176
0.883398
0.883398
0.885615
0.890032
0.894427
0.916087
0.735647
0.325396
0.415390
0.410643
0.331367
0.396059
0.493089
0.887826
0.905322
0.916087
0.898801
0.835487
0.424726
0.365148
0.386031
0.898801
0.909643
0.894427
0.909643
0.885615
0.342997
0.319313
0.319313
0.331367
0.481012
0.890032
0.890032
0.887826
0.907485
0.913944
0.907485
0.905322
0.905322
0.900980
0.900980
0.896617
0.894427
0.892232
0.937247
0.933053
0.928841
0.930949
0.930949
0.928841
0.926727
0.926727
0.922486
0.922486
0.918225
0.913944
0.911796
0.727607
0.391077
0.391077
0.386031
0.375735
0.380917
0.365148
0.375735
0.375735
0.375735
0.380917
0.472789
0.911796
0.738308
0.342997
0.854056
0.826047
0.342997
0.772061
0.896617
0.442807
0.688847
0.916087
0.553066
0.560112
0.905322
0.650791
0.396059
0.898801
0.784657
0.386031
0.814092
0.883398
0.348667
0.319313
0.325396
0.325396
0.337232
0.375735
0.380917
0.391077
0.844823
0.911796
0.909643
0.907485
0.905322
0.900980
0.898801
0.894427
0.894427
0.892232
0.935152
0.933053
0.928841
0.933053
0.933053
0.928841
0.930949
0.928841
0.924609
0.922486
0.918225
0.916087
0.909643
0.724907
0.354246
0.650791
0.691687
0.683130
0.683130
0.677365
0.677365
0.677365
0.674464
0.481012
0.442807
0.911796
0.826047
0.677365
0.748855
0.748855
0.677365
0.847141
0.911796
0.688847
0.794590
0.916087
0.724907
0.732977
0.916087
0.656790
0.391077
0.898801
0.837831
0.662733
0.856349
0.883398
0.348667
0.331367
0.337232
0.616759
0.656790
0.662733
0.662733
0.668625
0.874475
0.911796
0.907485
0.905322
0.905322
0.900980
0.898801
0.894427
0.896617
0.894427
0.935152
0.933053
0.930949
0.928841
0.933053
0.930949
0.930949
0.930949
0.926727
0.924609
0.922486
0.918225
0.911796
0.724907
0.354246
0.851757
0.911796
0.909643
0.909643
0.907485
0.909643
0.909643
0.913944
0.613572
0.447214
0.911796
0.920358
0.918225
0.512587
0.567070
0.924609
0.924609
0.922486
0.920358
0.918225
0.916087
0.916087
0.916087
0.916087
0.653797
0.386031
0.896617
0.911796
0.911796
0.913944
0.878948
0.342997
0.331367
0.342997
0.851757
0.916087
0.916087
0.918225
0.916087
0.913944
0.911796
0.907485
0.905322
0.905322
0.905322
0.900980
0.894427
0.894427
0.898801
0.935152
0.933053
0.928841
0.928841
0.930949
0.928841
0.930949
0.933053
0.928841
0.924609
0.920358
0.918225
0.913944
0.730297
0.365148
0.849452
0.865459
0.516398
0.512587
0.512587
0.516398
0.662733
0.913944
0.610368
0.438357
0.913944
0.779643
0.531369
0.380917
0.563602
0.922486
0.922486
0.920358
0.920358
0.787152
0.538699
0.531369
0.535046
0.535046
0.424726
0.342997
0.527666
0.535046
0.535046
0.535046
0.516398
0.319313
0.331367
0.325396
0.520181
0.635548
0.916087
0.916087
0.918225
0.916087
0.909643
0.907485
0.903154
0.907485
0.903154
0.900980
0.894427
0.894427
0.898801
0.937247
0.930949
0.926727
0.928841
0.930949
0.930949
0.930949
0.933053
0.933053
0.926727
0.920358
0.918225
0.916087
0.730297
0.354246
0.851757
0.856349
0.342997
0.325396
0.331367
0.331367
0.577350
0.913944
0.613572
0.438357
0.916087
0.738308
0.342997
0.508747
0.665686
0.920358
0.881176
0.863191
0.918225
0.779643
0.512587
0.365148
0.375735
0.508747
0.508747
0.500979
0.337232
0.313112
0.319313
0.455898
0.481012
0.331367
0.415390
0.485071
0.365148
0.489097
0.863191
0.867722
0.872230
0.907485
0.907485
0.905322
0.905322
0.905322
0.903154
0.898801
0.894427
0.896617
0.898801
0.937247
0.933053
0.926727
0.928841
0.930949
0.933053
0.935152
0.933053
0.930949
0.928841
0.924609
0.920358
0.916087
0.730297
0.354246
0.851757
0.858635
0.331367
0.325396
0.331367
0.319313
0.573944
0.913944
0.610368
0.442807
0.913944
0.735647
0.342997
0.867722
0.920358
0.922486
0.644737
0.429318
0.911796
0.920358
0.916087
0.508747
0.538699
0.916087
0.913944
0.900980
0.400979
0.319313
0.331367
0.814092
0.876714
0.337232
0.694516
0.913944
0.512587
0.337232
0.348667
0.354246
0.365148
0.840168
0.907485
0.905322
0.905322
0.905322
0.905322
0.898801
0.894427
0.896617
0.900980
0.937247
0.933053
0.928841
0.928841
0.928841
0.935152
0.935152
0.935152
0.933053
0.930949
0.926727
0.922486
0.916087
0.730297
0.348667
0.851757
0.860916
0.331367
0.325396
0.319313
0.325396
0.577350
0.916087
0.613572
0.442807
0.913944
0.735647
0.348667
0.869979
0.872230
0.671551
0.732977
0.748855
0.683130
0.801958
0.916087
0.504878
0.542326
0.918225
0.916087
0.900980
0.396059
0.516398
0.722197
0.705719
0.705719
0.719477
0.826047
0.918225
0.516398
0.433861
0.700140
0.560112
0.354246
0.835487
0.903154
0.907485
0.907485
0.905322
0.903154
0.900980
0.896617
0.896617
0.898801
0.933053
0.930949
0.930949
0.930949
0.930949
0.935152
0.937247
0.933053
0.935152
0.930949
0.926727
0.922486
0.918225
0.732977
0.337232
0.851757
0.860916
0.391077
0.391077
0.380917
0.386031
0.600653
0.916087
0.610368
0.442807
0.913944
0.735647
0.337232
0.858635
0.823669
0.337232
0.772061
0.896617
0.410643
0.691687
0.918225
0.508747
0.542326
0.909643
0.911796
0.896617
0.415390
0.638626
0.916087
0.563602
0.476918
0.916087
0.918225
0.916087
0.523937
0.520181
0.913944
0.705719
0.348667
0.840168
0.898801
0.905322
0.907485
0.905322
0.903154
0.900980
0.896617
0.898801
0.896617
0.935152
0.933053
0.933053
0.933053
0.933053
0.933053
0.935152
0.935152
0.933053
0.930949
0.928841
0.924609
0.918225
0.732977
0.354246
0.851757
0.913944
0.898801
0.898801
0.898801
0.900980
0.905322
0.918225
0.610368
0.442807
0.911796
0.730297
0.331367
0.396059
0.391077
0.325396
0.391077
0.485071
0.890032
0.907485
0.918225
0.508747
0.359738
0.433861
0.438357
0.481012
0.872230
0.898801
0.913944
0.560112
0.348667
0.455898
0.464420
0.472789
0.826047
0.878948
0.913944
0.705719
0.354246
0.840168
0.900980
0.900980
0.903154
0.903154
0.903154
0.898801
0.898801
0.898801
0.898801
0.937247
0.933053
0.933053
0.933053
0.930949
0.935152
0.935152
0.935152
0.933053
0.933053
0.926727
0.924609
0.918225
0.732977
0.348667
0.716746
0.772061
0.769517
0.769517
0.766965
0.766965
0.769517
0.769517
0.527666
0.447214
0.913944
0.727607
0.331367
0.325396
0.433861
0.626224
0.468623
0.391077
0.774597
0.782154
0.782154
0.650791
0.607147
0.607147
0.600653
0.619930
0.787152
0.792118
0.797053
0.504878
0.325396
0.319313
0.325396
0.337232
0.769517
0.821285
0.826047
0.644737
0.354246
0.844823
0.900980
0.900980
0.900980
0.903154
0.900980
0.900980
0.900980
0.898801
0.898801
0.935152
0.928841
0.930949
0.930949
0.930949
0.935152
0.935152
0.933053
0.930949
0.930949
0.924609
0.922486
0.920358
0.738308
0.354246
0.354246
0.359738
0.354246
0.359738
0.354246
0.354246
0.348667
0.354246
0.342997
0.455898
0.911796
0.730297
0.337232
0.337232
0.570517
0.922486
0.635548
0.337232
0.337232
0.337232
0.348667
0.860916
0.916087
0.913944
0.911796
0.900980
0.400979
0.337232
0.342997
0.337232
0.337232
0.337232
0.337232
0.331367
0.342997
0.342997
0.342997
0.337232
0.354246
0.842499
0.900980
0.900980
0.900980
0.900980
0.898801
0.898801
0.900980
0.898801
0.898801
0.935152
0.933053
0.933053
0.933053
0.935152
0.935152
0.933053
0.930949
0.930949
0.930949
0.926727
0.922486
0.922486
0.876714
0.818895
0.821285
0.823669
0.823669
0.826047
0.826047
0.828417
0.828417
0.830780
0.826047
0.840168
0.916087
0.876714
0.826047
0.826047
0.854056
0.922486
0.860916
0.821285
0.818895
0.816497
0.818895
0.905322
0.918225
0.913944
0.916087
0.907485
0.799510
0.794590
0.792118
0.789639
0.787152
0.782154
0.777124
0.769517
0.764404
0.756670
0.748855
0.740959
0.738308
0.878948
0.903154
0.900980
0.898801
0.900980
0.898801
0.900980
0.900980
0.898801
0.898801
0.935152
0.937247
0.933053
0.933053
0.935152
0.933053
0.933053
0.930949
0.930949
0.930949
0.928841
0.924609
0.924609
0.920358
0.918225
0.916087
0.916087
0.920358
0.920358
0.918225
0.918225
0.920358
0.922486
0.922486
0.920358
0.916087
0.916087
0.920358
0.920358
0.922486
0.920358
0.920358
0.920358
0.920358
0.922486
0.922486
0.918225
0.916087
0.913944
0.913944
0.911796
0.916087
0.918225
0.920358
0.922486
0.924609
0.924609
0.924609
0.922486
0.918225
0.916087
0.916087
0.911796
0.909643
0.905322
0.903154
0.903154
0.900980
0.900980
0.898801
0.898801
0.898801
0.898801
0.898801
0.937247
0.937247
0.935152
0.933053
0.933053
0.933053
0.933053
0.930949
0.930949
0.928841
0.926727
0.926727
0.924609
0.920358
0.918225
0.916087
0.918225
0.922486
0.924609
0.922486
0.920358
0.922486
0.922486
0.922486
0.920358
0.916087
0.913944
0.916087
0.920358
0.920358
0.920358
0.920358
0.920358
0.922486
0.922486
0.922486
0.918225
0.916087
0.913944
0.911796
0.913944
0.916087
0.918225
0.920358
0.920358
0.924609
0.926727
0.924609
0.920358
0.920358
0.918225
0.916087
0.911796
0.911796
0.905322
0.905322
0.900980
0.900980
0.900980
0.898801
0.896617
0.898801
0.898801
0.896617
0.939336
0.935152
0.933053
0.933053
0.930949
0.933053
0.933053
0.930949
0.928841
0.928841
0.926727
0.926727
0.924609
0.924609
0.916087
0.916087
0.920358
0.924609
0.926727
0.922486
0.920358
0.920358
0.922486
0.920358
0.920358
0.918225
0.916087
0.916087
0.920358
0.920358
0.920358
0.918225
0.922486
0.922486
0.920358
0.918225
0.918225
0.916087
0.911796
0.911796
0.913944
0.916087
0.920358
0.920358
0.922486
0.926727
0.926727
0.924609
0.920358
0.920358
0.918225
0.916087
0.913944
0.911796
0.907485
0.905322
0.903154
0.898801
0.898801
0.896617
0.898801
0.898801
0.896617
0.896617
0.937247
0.935152
0.933053
0.933053
0.933053
0.913944
0.922486
0.922486
0.928841
0.928841
0.926727
0.924609
0.926727
0.924609
0.918225
0.918225
0.922486
0.924609
0.930949
0.928841
0.920358
0.920358
0.916087
0.920358
0.920358
0.918225
0.916087
0.916087
0.916087
0.920358
0.920358
0.920358
0.922486
0.920358
0.918225
0.918225
0.916087
0.913944
0.911796
0.911796
0.911796
0.911796
0.916087
0.918225
0.920358
0.926727
0.930949
0.926727
0.922486
0.920358
0.918225
0.916087
0.911796
0.911796
0.907485
0.905322
0.903154
0.903154
0.898801
0.896617
0.898801
0.896617
0.894427
0.894427
0.937247
0.935152
0.933053
0.933053
0.930949
0.789639
0.851757
0.874475
0.872230
0.867722
0.916087
0.851757
0.898801
0.865459
0.863191
0.907485
0.854056
0.890032
0.867722
0.922486
0.867722
0.890032
0.858635
0.916087
0.887826
0.887826
0.885615
0.883398
0.894427
0.863191
0.885615
0.905322
0.860916
0.913944
0.883398
0.896617
0.883398
0.869979
0.911796
0.913944
0.911796
0.911796
0.916087
0.918225
0.920358
0.924609
0.926727
0.926727
0.922486
0.918225
0.916087
0.916087
0.911796
0.909643
0.905322
0.907485
0.905322
0.898801
0.900980
0.898801
0.898801
0.898801
0.894427
0.894427
0.937247
0.937247
0.930949
0.930949
0.930949
0.835487
0.833137
0.878948
0.867722
0.865459
0.905322
0.840168
0.878948
0.840168
0.849452
0.900980
0.883398
0.887826
0.806834
0.916087
0.851757
0.874475
0.874475
0.918225
0.851757
0.869979
0.892232
0.863191
0.909643
0.835487
0.863191
0.903154
0.844823
0.916087
0.837831
0.907485
0.842499
0.885615
0.911796
0.913944
0.911796
0.913944
0.913944
0.916087
0.918225
0.924609
0.924609
0.924609
0.922486
0.918225
0.916087
0.913944
0.911796
0.909643
0.907485
0.907485
0.903154
0.900980
0.900980
0.898801
0.896617
0.894427
0.892232
0.892232
0.939336
0.937247
0.933053
0.930949
0.928841
0.924609
0.924609
0.922486
0.922486
0.920358
0.924609
0.920358
0.924609
0.892232
0.924609
0.924609
0.924609
0.924609
0.922486
0.922486
0.916087
0.900980
0.920358
0.920358
0.918225
0.913944
0.918225
0.918225
0.916087
0.916087
0.918225
0.918225
0.916087
0.916087
0.881176
0.909643
0.907485
0.911796
0.911796
0.911796
0.913944
0.913944
0.916087
0.916087
0.918225
0.924609
0.926727
0.926727
0.922486
0.920358
0.916087
0.916087
0.913944
0.911796
0.909643
0.907485
0.905322
0.900980
0.900980
0.900980
0.896617
0.894427
0.894427
0.892232
0.937247
0.935152
0.933053
0.930949
0.928841
0.926727
0.924609
0.924609
0.924609
0.922486
0.924609
0.924609
0.924609
0.926727
0.926727
0.926727
0.924609
0.926727
0.924609
0.922486
0.920358
0.922486
0.920358
0.920358
0.918225
0.918225
0.918225
0.918225
0.918225
0.918225
0.920358
0.920358
0.918225
0.913944
0.911796
0.909643
0.911796
0.913944
0.913944
0.913944
0.913944
0.913944
0.916087
0.918225
0.918225
0.926727
0.926727
0.924609
0.922486
0.920358
0.920358
0.916087
0.913944
0.911796
0.909643
0.907485
0.905322
0.900980
0.898801
0.898801
0.896617
0.892232
0.894427
0.892232
0.937247
0.935152
0.933053
0.930949
0.928841
0.924609
0.922486
0.922486
0.922486
0.924609
0.924609
0.924609
0.924609
0.926727
0.926727
0.924609
0.926727
0.926727
0.924609
0.920358
0.922486
0.922486
0.922486
0.922486
0.922486
0.918225
0.920358
0.916087
0.918225
0.918225
0.920358
0.920358
0.913944
0.911796
0.909643
0.909643
0.911796
0.913944
0.916087
0.913944
0.911796
0.911796
0.913944
0.916087
0.918225
0.922486
0.924609
0.924609
0.920358
0.920358
0.918225
0.916087
0.913944
0.911796
0.907485
0.905322
0.903154
0.900980
0.898801
0.896617
0.896617
0.892232
0.892232
0.892232
0.937247
0.933053
0.933053
0.930949
0.928841
0.922486
0.920358
0.922486
0.920358
0.926727
0.924609
0.924609
0.926727
0.926727
0.926727
0.924609
0.926727
0.922486
0.924609
0.920358
0.922486
0.922486
0.922486
0.922486
0.920358
0.918225
0.918225
0.918225
0.916087
0.916087
0.918225
0.916087
0.913944
0.911796
0.907485
0.907485
0.909643
0.911796
0.913944
0.916087
0.913944
0.913944
0.913944
0.916087
0.916087
0.922486
0.924609
0.922486
0.920358
0.920358
0.916087
0.913944
0.911796
0.909643
0.907485
0.905322
0.903154
0.900980
0.900980
0.896617
0.894427
0.892232
0.892232
0.887826
